355080102704254
354464112349485
354075092823271

868598033205604
868598033240619

351693095955610


359443095671516
359444095671514

359123092899811
359124092899819

357088107976999
357089107976997

354464118634799
354465118634796

351552091418504
351553091418502

862189036432050
862189036456067

357544106828193
357545106828190


357472103794020
357473103794028

869826020813588
869826020849590

358084104119757
358085104119754

357472103666244
357473103666242

864807040891775
864807040891767

355731091709320
355732091709328

864807040931316
864807040931308

356259104655008
356260104655006

355080101054669
355081101054667

352639112599971
352640112599979

356259109269110
356260109269118

359933092745784
359934092745782

352351119230382
352352119230380
